0 0.684375 0.64765625 0.059375 0.12421875
0 0.5765625 0.65078125 0.05703125 0.13046875
0 0.4734375 0.64921875 0.0515625 0.12109375
0 0.41796875 0.64765625 0.059375 0.12421875
0 0.36484375 0.65078125 0.0515625 0.1359375
0 0.309375 0.64921875 0.04765625 0.12734375
0 0.259375 0.6453125 0.06484375 0.13046875
0 0.20625 0.64609375 0.053125 0.12734375
0 0.5265625 0.65234375 0.0515625 0.1328125
0 0.63203125 0.65390625 0.0453125 0.13046875
0 0.73828125 0.64375 0.0453125 0.1328125
0 0.78828125 0.6453125 0.04921875 0.13046875
0 0.84296875 0.65078125 0.0609375 0.13046875
