0 0.259375 0.8125 0.0296875 0.05
0 0.2828125 0.80625 0.0296875 0.05625
0 0.30546875 0.8078125 0.0234375 0.059375
0 0.32734375 0.8015625 0.0234375 0.053125
0 0.34921875 0.803125 0.01953125 0.05625
0 0.3734375 0.8015625 0.02578125 0.059375
0 0.39375 0.7984375 0.021875 0.06484375
0 0.41640625 0.79765625 0.015625 0.0625
0 0.4421875 0.8 0.01953125 0.0625
0 0.46484375 0.79609375 0.02578125 0.06484375
0 0.48828125 0.79609375 0.01796875 0.06484375
0 0.5125 0.79609375 0.0234375 0.06484375
0 0.53515625 0.79765625 0.021875 0.0625
0 0.55703125 0.7984375 0.021875 0.053125
0 0.5796875 0.79453125 0.0234375 0.05625
0 0.60234375 0.79140625 0.021875 0.0625
0 0.625 0.79140625 0.01953125 0.0625
0 0.64921875 0.79140625 0.015625 0.0625
0 0.6703125 0.79609375 0.01953125 0.059375
0 0.69296875 0.79609375 0.021875 0.06484375
0 0.7140625 0.79609375 0.0234375 0.059375
0 0.7359375 0.79296875 0.0234375 0.059375
0 0.75859375 0.79765625 0.021875 0.0625
0 0.77890625 0.7984375 0.01953125 0.053125
0 0.8015625 0.8 0.021875 0.0625
